+
12 [ 0 , 1 ] [[-1 0] [2 0] [-1 -1] [0 -1] [1 -1] [2 -1] [-1 1] [0 1] [1 1] [2 1]]
*
34 [ 9 , 0 ] [[9 1] [12 1] [9 0] [10 0] [11 0] [12 0] [9 2] [10 2] [11 2] [12 2]]
-
12 [ 7 , 2 ] [[7 2] [10 2] [7 1] [8 1] [9 1] [10 1] [7 3] [8 3] [9 3] [10 3]]
*
78 [ 2 , 4 ] [[1 3] [4 3] [1 2] [2 2] [3 2] [4 2] [1 4] [2 4] [3 4] [4 4]]
*
78 [ 2 , 4 ] [[-1 5] [2 5] [-1 4] [0 4] [1 4] [2 4] [-1 6] [0 6] [1 6] [2 6]]
*
23 [ 6 , 7 ] [[6 6] [9 6] [6 5] [7 5] [8 5] [9 5] [6 7] [7 7] [8 7] [9 7]]
*
90 [ 6 , 7 ] [[3 7] [6 7] [3 6] [4 6] [5 6] [6 6] [3 8] [4 8] [5 8] [6 8]]
*
12 [ 6 , 7 ] [[6 7] [9 7] [6 6] [7 6] [8 6] [9 6] [6 8] [7 8] [8 8] [9 8]]
*
2 [ 1 , 10 ] [[-1 9] [1 9] [-1 8] [0 8] [1 8] [-1 10] [0 10] [1 10]]
*
2 [ 1 , 10 ] [[1 9] [3 9] [1 8] [2 8] [3 8] [1 10] [2 10] [3 10]]
*
12 [ 11 , 10 ] [[8 9] [11 9] [8 8] [9 8] [10 8] [11 8] [8 10] [9 10] [10 10] [11 10]]
*
1 [ 1 , 10 ] [[-1 11] [1 11] [-1 10] [0 10] [1 10] [-1 12] [0 12] [1 12]]
*
1 [ 1 , 10 ] [[1 11] [3 11] [1 10] [2 10] [3 10] [1 12] [2 12] [3 12]]
*
56 [ 11 , 10 ] [[9 11] [12 11] [9 10] [10 10] [11 10] [12 10] [9 12] [10 12] [11 12] [12 12]]
Part 1 Answer: 413
This Script took: 1.422104ms to complete!
